6
9
10
11
13
14
16
17
21
24
27
30
31
33
34
36
37
39
40
47
48
52
53
54
56
58
67
68
73
74
79
82
85
88
91
94
100
103
106
107
109
110
111
113
114
115
117
120
119
120
124
127
130
133
136
137
139
140
142
145
148
149
151
152
154
157
168
171
174
177
180
183
196
197
200
201
203
207
210
213
219
222
225
228
231
234
250
251
257
262
265
268
269
270
273
282
283
284
285
286
287
288
292
293
294
295
296
297
298
299
300
301
302
303
304
305
306
307
309
310
312
314
315
316
317
318
319
320
321
322
327
329
330
332
333
335
336
338
340
341
344
347
353
356
359
360
362
365
382
385
388
391
394
397
400
403
406
409
412
413
414
419
422
425
428
431
434
438
444
447
448
453
466
465
469
470
472
473
475
476
477
478
479
480
482
483
485
486
488
489
490
493
494
496
497
500
501
502
503
504
506
508
509
511
512
513
514
515
516
517
520
522
523
524
525
526
527
529
530
523
534
539
540
542
543
547
548
551
553
555
556
558
559
