19
20
5
7
18
16
21
22
25
2
52
41
32
54
34
37
55
57
35
42
31
63
64
65
30
26
87
76
84
101
79
80
82
119
111
107
120
133
132
160
167
170
165
159
171
155
158
172
142
172
173
147
148
151
177
195
190
179
196
182
184
187
200
178
185
206
236
237
240
241
251
257
273
280
271
284
278
297
287
300
314
306
326
317
315
347
359
339
372
376
365
362
360
391
393
389
408
411
412
404
406
407
429
418
421
430
427
426
425
420
419
424
434
433
437
432
431
450
447
451
445
453
454
439
443
440
455
458
456
461
470
467
472
464
463
482
483
478
488
481
489
492
508
519
520
536
521
537
550
565
549
547
548
546
545
578
581
555
590
595
609
610
597
603
613
635
629
616
631
632
619
643
679
678
661
681
663
672
683
667
684
671
670
699
701
702
692
706
691
687
686
690
685
708
695
710
698
697
713
717
712
723
725
726
724
729
716
711
721
720
743
730
734
745
733
732
735
747
742
734
750
757
753
756
751
774
752
769
765
767
758
796
778
