5
8
11
14
19
20
21
28
31
36
37
38
43
44
51
52
59
60
61
64
65
66
73
77
81
82
83
86
89
90
91
92
93
95
107
108
116
119
121
123
124
127
130
131
139
142
143
144
149
152
159
160
161
164
168
170
173
174
179
180
181
186
192
193
194
195
199
201
204
208
210
211
212
214
215
218
224
226
230
235
236
239
240
242
245
246
254
257
258
259
261
263
264
271
274
278
280
281
283
287
292
295
296
303
308
310
311
312
313
314
315
316
322
323
325
327
329
334
338
339
340
344
346
347
350
351
353
356
357
360
361
362
363
364
367
368
369
370
374
379
382
384
386
387
389
391
382
392
395
397
400
401
402
403
404
408
409
414
418
420
422
426
427
431
433
435
438
439
440
443
446
448
454
455
458
464
472
476
477
478
481
482
484
485
486
488
490
491
492
493
495
496
501
505
508
509
510
511
518
524
525
530
533
534
535
536
537
538
540
541
542
543
547
555
556
557
562
563
564
565
566
567
572
575
578
584
587
588
589
591
593
598
599
601
602
606
608
609
611
612
613
614
615
616
617
626
629
631
635
636
639
642
643
644
647
652
657
658
661
666
667
668
679
681
682
686
691
692
695
702
703
707
709
712
715
716
719
723
724
728
731
733
740
742
743
745
747
752
753
754
763
764
766
767
771
778
781
782
783
784
785
798
799
803
804
805
808
809
810
813
814
819
822
826
827
828
834
837
841
843
844
849
853
857
858
861
864
865
866
877
878
880
881
885
888
893
894
897
898
901
907
908
913
915
918
921
926
928
931
934
935
940
943
944
946
949
954
955
957
960
961
962
964
965
967
974
975
976
978
982
984
986
991
992
993
994
1001
1002
1005
1006
1013
1016
1017
1018
1020
1022
1023
1033
1034
1036
1038
1040
1042
1044
1046
1047
1048
1053
1058
1059
1066
1069
1070
1071
1074
1076
1078
1082
1084
1087
1094
1095
1096
1097
1100
1105
1106
1109
1110
1115
1117
1118
1122
1125
1126
1129
1134
1135
1136
1140
1141
1142
1148
1150
1151
1153
1159
1161
1163
1167
1168
1169
1170