12
44
51
55
64
81
82
92
121
129
132
138
148
149
156
157
164
165
166
174
176
177
218
224
229
232
233
255
263
265
266
267
268
270
292
297
312
317
319
321
322
327
332
333
341
349
360
361
371
378
390
391
397
405
414
431
434
436
445
447
448
455
462
463
464
465
469
471
474
478
480
482
487
489
490
494
503
505
514
523
528
532
536
540
543
544
552
557
558
559
561
564
565
576
584
589
592
596
598
605
611
614
615
626
638
641
644
645
646
647
648
649
655
656
658
660
662
668
674
675
676
680
682
683
686
687
689
694
695
701
702
703
704
705
708
709
711
712
716
721
724
726
728
729
731
733
724
734
737
739
742
743
744
746
747
751
752
761
765
767
770
774
779
783
785
787
790
791
792
796
799
803
809
810
813
819
827
831
832
833
836
837
839
840
841
845
847
849
850
853
855
856
863
868
872
873
874
875
882
888
889
894
897
898
899
900
901
902
905
906
907
908
914
925
926
928
936
937
938
939
940
941
947
950
954
961
964
965
966
968
970
975
976
978
979
988
990
991
993
994
995
996
997
998
999
1013
1016
1022
1026
1028
1031
1034
1035
1036
1042
1047
1052
1053
1057
1063
1064
1066
1081
1083
1084
1090
1101
1102
1106
1117
1118
1125
1127
1132
1135
1137
1144
1152
1153
1158
1170
1172
1182
1184
1186
1190
1194
1199
1200
1201
1215
1216
1218
1219
1224
1234
1237
1238
1239
1240
1241
1260
1261
1265
1266
1268
1274
1275
1277
1280
1281
1290
1300
1307
1308
1309
1320
1334
1343
1347
1350
1359
1363
1372
1374
1377
1384
1385
1386
1400
1401
1404
1405
1413
1416
1431
1432
1444
1446
1452
1460
1462
1470
1472
1475
1482
1499
1501
1507
1513
1516
1526
1530
1532
1534
1537
1545
1546
1548
1551
1552
1553
1555
1559
1561
1568
1569
1570
1572
1577
1580
1582
1589
1590
1591
1592
1604
1606
1610
1612
1621
1627
1628
1629
1631
1633
1634
1644
1645
1647
1649
1656
1658
1660
1662
1663
1664
1669
1674
1676
1687
1690
1691
1692
1700
1702
1704
1711
1714
1717
1728
1729
1735
1736
1740
1747
1748
1755
1757
1762
1764
1765
1769
1776
1777
1790
1810
1811
1812
1822
1824
1825
1832
1834
1836
1838
1847
1849
1851
1856
1859
1862
1863
